2
4
8
12
29
30
34
40
43
46
52
65
66
82
90
94
96
113
165
183
193
205
213
225
244
245
264
266
276
280
286
299
330
351
358
359
369
384
403
408
416
426
436
446
451
456
463
476
489
501
506
509
519
520
549
564
578
585
612
658
659
661
664
677
690
693
739
746
778
780
797
807
815
832
835
840
841
850
858
896
920
931
939
942
964
972
981
992
1005
1022
1024
1027
1031
1036
1041
1042
1050
1060
1062
1065
1068
1107
1110
1118
1130
1140
1150
1157
1176
1179
1187
1197
1200
1204
1209
1210
1227
1240
1241
1259
1263
1270
1277
1286
1312
1319
1335
1339
1342
1347
1356
1358
1380
1382
1390
1392
1399
1407
1418
